% time	cellId	IMSI	RNTI	layer	mcs	size	rv	ndi	ccId
512	1	1	3	0	28	549	0	1	0
512	1	2	1	0	14	193	0	1	0
512	1	3	2	0	12	149	0	1	0
512	1	4	4	0	8	101	0	1	0
513	1	1	3	0	28	549	0	1	0
513	1	2	1	0	14	193	0	1	0
513	1	3	2	0	12	149	0	1	0
513	1	4	4	0	8	101	0	1	0
514	1	1	3	0	28	549	0	1	0
514	1	2	1	0	14	193	0	1	0
514	1	3	2	0	12	149	0	1	0
514	1	4	4	0	8	101	0	1	0
515	1	1	3	0	28	549	0	1	0
515	1	2	1	0	14	193	0	1	0
515	1	3	2	0	12	149	0	1	0
515	1	4	4	0	8	101	0	1	0
516	1	1	3	0	28	549	0	1	0
516	1	2	1	0	14	193	0	1	0
516	1	3	2	0	12	149	0	1	0
516	1	4	4	0	8	101	0	1	0
517	1	1	3	0	28	549	0	1	0
517	1	2	1	0	14	193	0	1	0
517	1	3	2	0	12	149	0	1	0
517	1	4	4	0	8	101	0	1	0
518	1	1	3	0	28	549	0	1	0
518	1	2	1	0	14	193	0	1	0
518	1	3	2	0	12	149	0	1	0
518	1	4	4	0	8	101	0	1	0
519	1	1	3	0	28	549	0	1	0
519	1	2	1	0	14	193	0	1	0
519	1	3	2	0	12	149	0	1	0
519	1	4	4	0	8	101	0	1	0
520	1	1	3	0	28	549	0	1	0
520	1	2	1	0	14	193	0	1	0
520	1	3	2	0	12	149	0	1	0
520	1	4	4	0	8	101	0	1	0
521	1	1	3	0	28	549	0	1	0
521	1	2	1	0	14	193	0	1	0
521	1	3	2	0	12	149	0	1	0
521	1	4	4	0	8	101	0	1	0
522	1	2	1	0	14	253	0	1	0
522	1	3	2	0	12	201	0	1	0
522	1	4	4	0	8	137	0	1	0
523	1	2	1	0	14	253	0	1	0
523	1	3	2	0	12	201	0	1	0
523	1	4	4	0	8	137	0	1	0
524	1	2	1	0	14	253	0	1	0
524	1	3	2	0	12	201	0	1	0
524	1	4	4	0	8	137	0	1	0
525	1	2	1	0	14	253	0	1	0
525	1	3	2	0	12	201	0	1	0
525	1	4	4	0	8	137	0	1	0
526	1	2	1	0	14	253	0	1	0
526	1	3	2	0	12	201	0	1	0
526	1	4	4	0	8	137	0	1	0
527	1	2	1	0	14	253	0	1	0
527	1	3	2	0	12	201	0	1	0
527	1	4	4	0	8	137	0	1	0
528	1	2	1	0	14	253	0	1	0
528	1	3	2	0	12	201	0	1	0
528	1	4	4	0	8	137	0	1	0
529	1	2	1	0	14	253	0	1	0
529	1	3	2	0	12	201	0	1	0
529	1	4	4	0	8	137	0	1	0
530	1	1	3	0	28	549	0	1	0
530	1	2	1	0	14	193	0	1	0
530	1	3	2	0	12	149	0	1	0
530	1	4	4	0	8	101	0	1	0
531	1	1	3	0	28	549	0	1	0
531	1	2	1	0	14	193	0	1	0
531	1	3	2	0	12	149	0	1	0
531	1	4	4	0	8	101	0	1	0
532	1	1	3	0	28	549	0	1	0
532	1	2	1	0	14	193	0	1	0
532	1	3	2	0	12	149	0	1	0
532	1	4	4	0	8	101	0	1	0
533	1	1	3	0	28	749	0	1	0
533	1	3	2	0	12	201	0	1	0
533	1	4	4	0	8	137	0	1	0
534	1	1	3	0	28	749	0	1	0
534	1	3	2	0	12	201	0	1	0
534	1	4	4	0	8	137	0	1	0
535	1	1	3	0	28	749	0	1	0
535	1	3	2	0	12	201	0	1	0
535	1	4	4	0	8	137	0	1	0
536	1	1	3	0	28	749	0	1	0
536	1	3	2	0	12	201	0	1	0
536	1	4	4	0	8	137	0	1	0
537	1	1	3	0	28	749	0	1	0
537	1	3	2	0	12	201	0	1	0
537	1	4	4	0	8	137	0	1	0
538	1	1	3	0	28	749	0	1	0
538	1	3	2	0	12	201	0	1	0
538	1	4	4	0	8	137	0	1	0
539	1	1	3	0	28	749	0	1	0
539	1	3	2	0	12	201	0	1	0
539	1	4	4	0	8	137	0	1	0
540	1	3	2	0	12	301	0	1	0
540	1	4	4	0	8	209	0	1	0
541	1	2	1	0	14	253	0	1	0
541	1	3	2	0	12	201	0	1	0
541	1	4	4	0	8	137	0	1	0
542	1	2	1	0	14	253	0	1	0
542	1	3	2	0	12	201	0	1	0
542	1	4	4	0	8	137	0	1	0
543	1	2	1	0	14	253	0	1	0
543	1	3	2	0	12	201	0	1	0
543	1	4	4	0	8	137	0	1	0
544	1	2	1	0	14	253	0	1	0
544	1	3	2	0	12	201	0	1	0
544	1	4	4	0	8	137	0	1	0
545	1	2	1	0	14	389	0	1	0
545	1	4	4	0	8	209	0	1	0
546	1	2	1	0	14	389	0	1	0
546	1	4	4	0	8	209	0	1	0
547	1	2	1	0	14	389	0	1	0
547	1	4	4	0	8	209	0	1	0
548	1	1	3	0	28	749	0	1	0
548	1	2	1	0	14	253	0	1	0
548	1	4	4	0	8	137	0	1	0
549	1	1	3	0	28	749	0	1	0
549	1	2	1	0	14	253	0	1	0
549	1	4	4	0	8	137	0	1	0
550	1	1	3	0	28	749	0	1	0
550	1	2	1	0	14	253	0	1	0
550	1	4	4	0	8	137	0	1	0
551	1	1	3	0	28	749	0	1	0
551	1	2	1	0	14	253	0	1	0
551	1	4	4	0	8	137	0	1	0
552	1	1	3	0	28	749	0	1	0
552	1	2	1	0	14	253	0	1	0
552	1	4	4	0	8	137	0	1	0
553	1	1	3	0	28	549	0	1	0
553	1	2	1	0	14	193	0	1	0
553	1	3	2	0	12	149	0	1	0
553	1	4	4	0	8	101	0	1	0
554	1	1	3	0	28	549	0	1	0
554	1	2	1	0	14	193	0	1	0
554	1	3	2	0	12	149	0	1	0
554	1	4	4	0	8	101	0	1	0
555	1	1	3	0	28	749	0	1	0
555	1	3	2	0	12	201	0	1	0
555	1	4	4	0	8	137	0	1	0
556	1	1	3	0	28	749	0	1	0
556	1	3	2	0	12	201	0	1	0
556	1	4	4	0	8	137	0	1	0
557	1	3	2	0	12	301	0	1	0
557	1	4	4	0	8	209	0	1	0
558	1	3	2	0	12	301	0	1	0
558	1	4	4	0	8	209	0	1	0
559	1	3	2	0	12	301	0	1	0
559	1	4	4	0	8	209	0	1	0
560	1	3	2	0	12	301	0	1	0
560	1	4	4	0	8	209	0	1	0
561	1	3	2	0	12	301	0	1	0
561	1	4	4	0	8	209	0	1	0
562	1	3	2	0	12	301	0	1	0
562	1	4	4	0	8	209	0	1	0
563	1	2	1	0	14	253	0	1	0
563	1	3	2	0	12	201	0	1	0
563	1	4	4	0	8	137	0	1	0
564	1	2	1	0	14	253	0	1	0
564	1	3	2	0	12	201	0	1	0
564	1	4	4	0	8	137	0	1	0
565	1	1	3	0	28	549	0	1	0
565	1	2	1	0	14	193	0	1	0
565	1	3	2	0	12	149	0	1	0
565	1	4	4	0	8	101	0	1	0
566	1	1	3	0	28	549	0	1	0
566	1	2	1	0	14	193	0	1	0
566	1	3	2	0	12	149	0	1	0
566	1	4	4	0	8	101	0	1	0
567	1	1	3	0	28	549	0	1	0
567	1	2	1	0	14	193	0	1	0
567	1	3	2	0	12	149	0	1	0
567	1	4	4	0	8	101	0	1	0
568	1	1	3	0	28	549	0	1	0
568	1	2	1	0	14	193	0	1	0
568	1	3	2	0	12	149	0	1	0
568	1	4	4	0	8	101	0	1	0
569	1	1	3	0	28	549	0	1	0
569	1	2	1	0	14	193	0	1	0
569	1	3	2	0	12	149	0	1	0
569	1	4	4	0	8	101	0	1	0
570	1	1	3	0	28	749	0	1	0
570	1	2	1	0	14	253	0	1	0
570	1	4	4	0	8	137	0	1	0
571	1	1	3	0	28	749	0	1	0
571	1	2	1	0	14	253	0	1	0
571	1	4	4	0	8	137	0	1	0
572	1	1	3	0	28	749	0	1	0
572	1	2	1	0	14	253	0	1	0
572	1	4	4	0	8	137	0	1	0
573	1	1	3	0	28	749	0	1	0
573	1	2	1	0	14	253	0	1	0
573	1	4	4	0	8	137	0	1	0
574	1	1	3	0	28	749	0	1	0
574	1	2	1	0	14	253	0	1	0
574	1	4	4	0	8	137	0	1	0
575	1	2	1	0	14	389	0	1	0
575	1	4	4	0	8	209	0	1	0
576	1	2	1	0	14	389	0	1	0
576	1	4	4	0	8	209	0	1	0
577	1	2	1	0	14	389	0	1	0
577	1	4	4	0	8	209	0	1	0
578	1	2	1	0	14	253	0	1	0
578	1	3	2	0	12	201	0	1	0
578	1	4	4	0	8	137	0	1	0
579	1	2	1	0	14	253	0	1	0
579	1	3	2	0	12	201	0	1	0
579	1	4	4	0	8	137	0	1	0
580	1	2	1	0	14	253	0	1	0
580	1	3	2	0	12	201	0	1	0
580	1	4	4	0	8	137	0	1	0
581	1	2	1	0	14	253	0	1	0
581	1	3	2	0	12	201	0	1	0
581	1	4	4	0	8	137	0	1	0
582	1	3	2	0	12	301	0	1	0
582	1	4	4	0	8	209	0	1	0
583	1	1	3	0	28	749	0	1	0
583	1	3	2	0	12	201	0	1	0
583	1	4	4	0	8	137	0	1	0
584	1	1	3	0	28	749	0	1	0
584	1	3	2	0	12	201	0	1	0
584	1	4	4	0	8	137	0	1	0
585	1	1	3	0	28	749	0	1	0
585	1	3	2	0	12	201	0	1	0
585	1	4	4	0	8	137	0	1	0
586	1	1	3	0	28	749	0	1	0
586	1	3	2	0	12	201	0	1	0
586	1	4	4	0	8	137	0	1	0
587	1	1	3	0	28	749	0	1	0
587	1	3	2	0	12	201	0	1	0
587	1	4	4	0	8	137	0	1	0
588	1	1	3	0	28	749	0	1	0
588	1	3	2	0	12	201	0	1	0
588	1	4	4	0	8	137	0	1	0
589	1	1	3	0	28	749	0	1	0
589	1	3	2	0	12	201	0	1	0
589	1	4	4	0	8	137	0	1	0
590	1	1	3	0	28	549	0	1	0
590	1	2	1	0	14	193	0	1	0
590	1	3	2	0	12	149	0	1	0
590	1	4	4	0	8	101	0	1	0
591	1	1	3	0	28	549	0	1	0
591	1	2	1	0	14	193	0	1	0
591	1	3	2	0	12	149	0	1	0
591	1	4	4	0	8	101	0	1	0
592	1	2	1	0	14	253	0	1	0
592	1	3	2	0	12	201	0	1	0
592	1	4	4	0	8	137	0	1	0
593	1	2	1	0	14	253	0	1	0
593	1	3	2	0	12	201	0	1	0
593	1	4	4	0	8	137	0	1	0
594	1	2	1	0	14	253	0	1	0
594	1	3	2	0	12	201	0	1	0
594	1	4	4	0	8	137	0	1	0
595	1	2	1	0	14	253	0	1	0
595	1	3	2	0	12	201	0	1	0
595	1	4	4	0	8	137	0	1	0
596	1	2	1	0	14	253	0	1	0
596	1	3	2	0	12	201	0	1	0
596	1	4	4	0	8	137	0	1	0
597	1	2	1	0	14	253	0	1	0
597	1	3	2	0	12	201	0	1	0
597	1	4	4	0	8	137	0	1	0
598	1	2	1	0	14	253	0	1	0
598	1	3	2	0	12	201	0	1	0
598	1	4	4	0	8	137	0	1	0
599	1	2	1	0	14	253	0	1	0
599	1	3	2	0	12	201	0	1	0
599	1	4	4	0	8	137	0	1	0
600	1	1	3	0	28	549	0	1	0
600	1	2	1	0	14	193	0	1	0
600	1	3	2	0	12	149	0	1	0
600	1	4	4	0	8	101	0	1	0
601	1	1	3	0	28	749	0	1	0
601	1	2	1	0	14	253	0	1	0
601	1	4	4	0	8	137	0	1	0
602	1	1	3	0	28	749	0	1	0
602	1	2	1	0	14	253	0	1	0
602	1	4	4	0	8	137	0	1	0
603	1	1	3	0	28	749	0	1	0
603	1	2	1	0	14	253	0	1	0
603	1	4	4	0	8	137	0	1	0
604	1	1	3	0	28	749	0	1	0
604	1	2	1	0	14	253	0	1	0
604	1	4	4	0	8	137	0	1	0
605	1	1	3	0	28	749	0	1	0
605	1	2	1	0	14	253	0	1	0
605	1	4	4	0	8	137	0	1	0
606	1	1	3	0	28	749	0	1	0
606	1	2	1	0	14	253	0	1	0
606	1	4	4	0	8	137	0	1	0
607	1	1	3	0	28	1095	0	1	0
607	1	4	4	0	8	209	0	1	0
608	1	1	3	0	28	1095	0	1	0
608	1	4	4	0	8	209	0	1	0
609	1	1	3	0	28	749	0	1	0
609	1	3	2	0	12	201	0	1	0
609	1	4	4	0	8	137	0	1	0
610	1	3	2	0	12	301	0	1	0
610	1	4	4	0	8	209	0	1	0
611	1	3	2	0	12	301	0	1	0
611	1	4	4	0	8	209	0	1	0
612	1	3	2	0	12	301	0	1	0
612	1	4	4	0	8	209	0	1	0
613	1	3	2	0	12	301	0	1	0
613	1	4	4	0	8	209	0	1	0
614	1	3	2	0	12	301	0	1	0
614	1	4	4	0	8	209	0	1	0
615	1	2	1	0	14	253	0	1	0
615	1	3	2	0	12	201	0	1	0
615	1	4	4	0	8	137	0	1	0
616	1	2	1	0	14	253	0	1	0
616	1	3	2	0	12	201	0	1	0
616	1	4	4	0	8	137	0	1	0
617	1	2	1	0	14	253	0	1	0
617	1	3	2	0	12	201	0	1	0
617	1	4	4	0	8	137	0	1	0
618	1	1	3	0	28	549	0	1	0
618	1	2	1	0	14	193	0	1	0
618	1	3	2	0	12	149	0	1	0
618	1	4	4	0	8	101	0	1	0
619	1	1	3	0	28	549	0	1	0
619	1	2	1	0	14	193	0	1	0
619	1	3	2	0	12	149	0	1	0
619	1	4	4	0	8	101	0	1	0
620	1	1	3	0	28	549	0	1	0
620	1	2	1	0	14	193	0	1	0
620	1	3	2	0	12	149	0	1	0
620	1	4	4	0	8	101	0	1	0
621	1	1	3	0	28	549	0	1	0
621	1	2	1	0	14	193	0	1	0
621	1	3	2	0	12	149	0	1	0
621	1	4	4	0	8	101	0	1	0
622	1	1	3	0	28	549	0	1	0
622	1	2	1	0	14	193	0	1	0
622	1	3	2	0	12	149	0	1	0
622	1	4	4	0	8	101	0	1	0
623	1	1	3	0	28	549	0	1	0
623	1	2	1	0	14	193	0	1	0
623	1	3	2	0	12	149	0	1	0
623	1	4	4	0	8	101	0	1	0
624	1	1	3	0	28	549	0	1	0
624	1	2	1	0	14	193	0	1	0
624	1	3	2	0	12	149	0	1	0
624	1	4	4	0	8	101	0	1	0
625	1	1	3	0	28	749	0	1	0
625	1	2	1	0	14	253	0	1	0
625	1	4	4	0	8	137	0	1	0
626	1	1	3	0	28	749	0	1	0
626	1	2	1	0	14	253	0	1	0
626	1	4	4	0	8	137	0	1	0
627	1	1	3	0	28	749	0	1	0
627	1	2	1	0	14	253	0	1	0
627	1	4	4	0	8	137	0	1	0
628	1	2	1	0	14	389	0	1	0
628	1	4	4	0	8	209	0	1	0
629	1	2	1	0	14	389	0	1	0
629	1	4	4	0	8	209	0	1	0
630	1	2	1	0	14	389	0	1	0
630	1	4	4	0	8	209	0	1	0
631	1	2	1	0	14	389	0	1	0
631	1	4	4	0	8	209	0	1	0
632	1	2	1	0	14	389	0	1	0
632	1	4	4	0	8	209	0	1	0
633	1	2	1	0	14	253	0	1	0
633	1	3	2	0	12	201	0	1	0
633	1	4	4	0	8	137	0	1	0
634	1	2	1	0	14	253	0	1	0
634	1	3	2	0	12	201	0	1	0
634	1	4	4	0	8	137	0	1	0
635	1	3	2	0	12	301	0	1	0
635	1	4	4	0	8	209	0	1	0
636	1	1	3	0	28	749	0	1	0
636	1	3	2	0	12	201	0	1	0
636	1	4	4	0	8	137	0	1	0
637	1	1	3	0	28	749	0	1	0
637	1	3	2	0	12	201	0	1	0
637	1	4	4	0	8	137	0	1	0
638	1	1	3	0	28	749	0	1	0
638	1	3	2	0	12	201	0	1	0
638	1	4	4	0	8	137	0	1	0
639	1	1	3	0	28	1095	0	1	0
639	1	3	2	0	12	301	0	1	0
640	1	1	3	0	28	1095	0	1	0
640	1	3	2	0	12	301	0	1	0
641	1	1	3	0	28	1095	0	1	0
641	1	3	2	0	12	301	0	1	0
642	1	1	3	0	28	1095	0	1	0
642	1	3	2	0	12	301	0	1	0
643	1	1	3	0	28	749	0	1	0
643	1	2	1	0	14	253	0	1	0
643	1	3	2	0	12	201	0	1	0
644	1	1	3	0	28	749	0	1	0
644	1	2	1	0	14	253	0	1	0
644	1	3	2	0	12	201	0	1	0
645	1	2	1	0	14	389	0	1	0
645	1	3	2	0	12	301	0	1	0
646	1	2	1	0	14	389	0	1	0
646	1	3	2	0	12	301	0	1	0
647	1	2	1	0	14	253	0	1	0
647	1	3	2	0	12	201	0	1	0
647	1	4	4	0	8	137	0	1	0
648	1	2	1	0	14	253	0	1	0
648	1	3	2	0	12	201	0	1	0
648	1	4	4	0	8	137	0	1	0
649	1	2	1	0	14	253	0	1	0
649	1	3	2	0	12	201	0	1	0
649	1	4	4	0	8	137	0	1	0
650	1	2	1	0	14	389	0	1	0
650	1	4	4	0	8	209	0	1	0
651	1	2	1	0	14	389	0	1	0
651	1	4	4	0	8	209	0	1	0
652	1	2	1	0	14	389	0	1	0
652	1	4	4	0	8	209	0	1	0
653	1	1	3	0	28	749	0	1	0
653	1	2	1	0	14	253	0	1	0
653	1	4	4	0	8	137	0	1	0
654	1	1	3	0	28	749	0	1	0
654	1	2	1	0	14	253	0	1	0
654	1	4	4	0	8	137	0	1	0
655	1	1	3	0	28	749	0	1	0
655	1	2	1	0	14	253	0	1	0
655	1	4	4	0	8	137	0	1	0
656	1	1	3	0	28	749	0	1	0
656	1	2	1	0	14	253	0	1	0
656	1	4	4	0	8	137	0	1	0
657	1	1	3	0	28	1095	0	1	0
657	1	4	4	0	8	209	0	1	0
658	1	1	3	0	28	749	0	1	0
658	1	3	2	0	12	201	0	1	0
658	1	4	4	0	8	137	0	1	0
659	1	1	3	0	28	749	0	1	0
659	1	3	2	0	12	201	0	1	0
659	1	4	4	0	8	137	0	1	0
660	1	1	3	0	28	749	0	1	0
660	1	3	2	0	12	201	0	1	0
660	1	4	4	0	8	137	0	1	0
661	1	1	3	0	28	749	0	1	0
661	1	3	2	0	12	201	0	1	0
661	1	4	4	0	8	137	0	1	0
662	1	3	2	0	12	301	0	1	0
662	1	4	4	0	8	209	0	1	0
663	1	3	2	0	12	301	0	1	0
663	1	4	4	0	8	209	0	1	0
664	1	3	2	0	12	301	0	1	0
664	1	4	4	0	8	209	0	1	0
665	1	2	1	0	14	253	0	1	0
665	1	3	2	0	12	201	0	1	0
665	1	4	4	0	8	137	0	1	0
666	1	2	1	0	14	253	0	1	0
666	1	3	2	0	12	201	0	1	0
666	1	4	4	0	8	137	0	1	0
667	1	2	1	0	14	253	0	1	0
667	1	3	2	0	12	201	0	1	0
667	1	4	4	0	8	137	0	1	0
668	1	2	1	0	14	253	0	1	0
668	1	3	2	0	12	201	0	1	0
668	1	4	4	0	8	137	0	1	0
669	1	2	1	0	14	253	0	1	0
669	1	3	2	0	12	201	0	1	0
669	1	4	4	0	8	137	0	1	0
670	1	1	3	0	28	549	0	1	0
670	1	2	1	0	14	193	0	1	0
670	1	3	2	0	12	149	0	1	0
670	1	4	4	0	8	101	0	1	0
671	1	1	3	0	28	549	0	1	0
671	1	2	1	0	14	193	0	1	0
671	1	3	2	0	12	149	0	1	0
671	1	4	4	0	8	101	0	1	0
672	1	1	3	0	28	549	0	1	0
672	1	2	1	0	14	193	0	1	0
672	1	3	2	0	12	149	0	1	0
672	1	4	4	0	8	101	0	1	0
673	1	1	3	0	28	549	0	1	0
673	1	2	1	0	14	193	0	1	0
673	1	3	2	0	12	149	0	1	0
673	1	4	4	0	8	101	0	1	0
674	1	1	3	0	28	549	0	1	0
674	1	2	1	0	14	193	0	1	0
674	1	3	2	0	12	149	0	1	0
674	1	4	4	0	8	101	0	1	0
675	1	1	3	0	28	549	0	1	0
675	1	2	1	0	14	193	0	1	0
675	1	3	2	0	12	149	0	1	0
675	1	4	4	0	8	101	0	1	0
676	1	1	3	0	28	549	0	1	0
676	1	2	1	0	14	193	0	1	0
676	1	3	2	0	12	149	0	1	0
676	1	4	4	0	8	101	0	1	0
677	1	1	3	0	28	749	0	1	0
677	1	2	1	0	14	253	0	1	0
677	1	4	4	0	8	137	0	1	0
678	1	1	3	0	28	749	0	1	0
678	1	2	1	0	14	253	0	1	0
678	1	4	4	0	8	137	0	1	0
679	1	1	3	0	28	749	0	1	0
679	1	2	1	0	14	253	0	1	0
679	1	4	4	0	8	137	0	1	0
680	1	2	1	0	14	389	0	1	0
680	1	4	4	0	8	209	0	1	0
681	1	2	1	0	14	389	0	1	0
681	1	4	4	0	8	209	0	1	0
682	1	2	1	0	14	389	0	1	0
682	1	4	4	0	8	209	0	1	0
683	1	2	1	0	14	389	0	1	0
683	1	4	4	0	8	209	0	1	0
684	1	2	1	0	14	389	0	1	0
684	1	4	4	0	8	209	0	1	0
685	1	3	2	0	12	301	0	1	0
685	1	4	4	0	8	209	0	1	0
686	1	3	2	0	12	301	0	1	0
686	1	4	4	0	8	209	0	1	0
687	1	3	2	0	12	301	0	1	0
687	1	4	4	0	8	209	0	1	0
688	1	1	3	0	28	749	0	1	0
688	1	3	2	0	12	201	0	1	0
688	1	4	4	0	8	137	0	1	0
689	1	1	3	0	28	749	0	1	0
689	1	3	2	0	12	201	0	1	0
689	1	4	4	0	8	137	0	1	0
690	1	1	3	0	28	749	0	1	0
690	1	3	2	0	12	201	0	1	0
690	1	4	4	0	8	137	0	1	0
691	1	1	3	0	28	749	0	1	0
691	1	3	2	0	12	201	0	1	0
691	1	4	4	0	8	137	0	1	0
692	1	1	3	0	28	749	0	1	0
692	1	3	2	0	12	201	0	1	0
692	1	4	4	0	8	137	0	1	0
693	1	1	3	0	28	549	0	1	0
693	1	2	1	0	14	193	0	1	0
693	1	3	2	0	12	149	0	1	0
693	1	4	4	0	8	101	0	1	0
694	1	1	3	0	28	549	0	1	0
694	1	2	1	0	14	193	0	1	0
694	1	3	2	0	12	149	0	1	0
694	1	4	4	0	8	101	0	1	0
695	1	1	3	0	28	549	0	1	0
695	1	2	1	0	14	193	0	1	0
695	1	3	2	0	12	149	0	1	0
695	1	4	4	0	8	101	0	1	0
696	1	1	3	0	28	549	0	1	0
696	1	2	1	0	14	193	0	1	0
696	1	3	2	0	12	149	0	1	0
696	1	4	4	0	8	101	0	1	0
697	1	2	1	0	14	253	0	1	0
697	1	3	2	0	12	201	0	1	0
697	1	4	4	0	8	137	0	1	0
698	1	2	1	0	14	253	0	1	0
698	1	3	2	0	12	201	0	1	0
698	1	4	4	0	8	137	0	1	0
699	1	2	1	0	14	253	0	1	0
699	1	3	2	0	12	201	0	1	0
699	1	4	4	0	8	137	0	1	0
700	1	2	1	0	14	253	0	1	0
700	1	3	2	0	12	201	0	1	0
700	1	4	4	0	8	137	0	1	0
701	1	2	1	0	14	253	0	1	0
701	1	3	2	0	12	201	0	1	0
701	1	4	4	0	8	137	0	1	0
702	1	2	1	0	14	253	0	1	0
702	1	3	2	0	12	201	0	1	0
702	1	4	4	0	8	137	0	1	0
703	1	2	1	0	14	253	0	1	0
703	1	3	2	0	12	201	0	1	0
703	1	4	4	0	8	137	0	1	0
704	1	2	1	0	14	253	0	1	0
704	1	3	2	0	12	201	0	1	0
704	1	4	4	0	8	137	0	1	0
705	1	1	3	0	28	549	0	1	0
705	1	2	1	0	14	193	0	1	0
705	1	3	2	0	12	149	0	1	0
705	1	4	4	0	8	101	0	1	0
706	1	1	3	0	28	549	0	1	0
706	1	2	1	0	14	193	0	1	0
706	1	3	2	0	12	149	0	1	0
706	1	4	4	0	8	101	0	1	0
707	1	1	3	0	28	749	0	1	0
707	1	2	1	0	14	253	0	1	0
707	1	4	4	0	8	137	0	1	0
708	1	1	3	0	28	749	0	1	0
708	1	2	1	0	14	253	0	1	0
708	1	4	4	0	8	137	0	1	0
709	1	1	3	0	28	749	0	1	0
709	1	2	1	0	14	253	0	1	0
709	1	4	4	0	8	137	0	1	0
710	1	1	3	0	28	749	0	1	0
710	1	2	1	0	14	253	0	1	0
710	1	4	4	0	8	137	0	1	0
711	1	1	3	0	28	1095	0	1	0
711	1	4	4	0	8	209	0	1	0
712	1	1	3	0	28	1095	0	1	0
712	1	4	4	0	8	209	0	1	0
713	1	1	3	0	28	1095	0	1	0
713	1	4	4	0	8	209	0	1	0
714	1	1	3	0	28	1095	0	1	0
714	1	4	4	0	8	209	0	1	0
715	1	3	2	0	12	301	0	1	0
715	1	4	4	0	8	209	0	1	0
716	1	3	2	0	12	301	0	1	0
716	1	4	4	0	8	209	0	1	0
717	1	3	2	0	12	301	0	1	0
717	1	4	4	0	8	209	0	1	0
718	1	3	2	0	12	301	0	1	0
718	1	4	4	0	8	209	0	1	0
719	1	2	1	0	14	253	0	1	0
719	1	3	2	0	12	201	0	1	0
719	1	4	4	0	8	137	0	1	0
720	1	2	1	0	14	253	0	1	0
720	1	3	2	0	12	201	0	1	0
720	1	4	4	0	8	137	0	1	0
721	1	2	1	0	14	253	0	1	0
721	1	3	2	0	12	201	0	1	0
721	1	4	4	0	8	137	0	1	0
722	1	2	1	0	14	389	0	1	0
722	1	3	2	0	12	301	0	1	0
723	1	1	3	0	28	749	0	1	0
723	1	2	1	0	14	253	0	1	0
723	1	3	2	0	12	201	0	1	0
724	1	1	3	0	28	749	0	1	0
724	1	2	1	0	14	253	0	1	0
724	1	3	2	0	12	201	0	1	0
725	1	1	3	0	28	749	0	1	0
725	1	2	1	0	14	253	0	1	0
725	1	3	2	0	12	201	0	1	0
726	1	1	3	0	28	749	0	1	0
726	1	2	1	0	14	253	0	1	0
726	1	3	2	0	12	201	0	1	0
727	1	1	3	0	28	749	0	1	0
727	1	2	1	0	14	253	0	1	0
727	1	3	2	0	12	201	0	1	0
728	1	1	3	0	28	749	0	1	0
728	1	2	1	0	14	253	0	1	0
728	1	3	2	0	12	201	0	1	0
729	1	1	3	0	28	749	0	1	0
729	1	2	1	0	14	253	0	1	0
729	1	3	2	0	12	201	0	1	0
730	1	1	3	0	28	549	0	1	0
730	1	2	1	0	14	193	0	1	0
730	1	3	2	0	12	149	0	1	0
730	1	4	4	0	8	101	0	1	0
731	1	1	3	0	28	749	0	1	0
731	1	2	1	0	14	253	0	1	0
731	1	4	4	0	8	137	0	1	0
732	1	2	1	0	14	389	0	1	0
732	1	4	4	0	8	209	0	1	0
733	1	2	1	0	14	389	0	1	0
733	1	4	4	0	8	209	0	1	0
734	1	4	4	0	8	437	0	1	0
735	1	4	4	0	8	437	0	1	0
736	1	4	4	0	8	437	0	1	0
737	1	4	4	0	8	437	0	1	0
738	1	4	4	0	8	437	0	1	0
739	1	3	2	0	12	301	0	1	0
739	1	4	4	0	8	209	0	1	0
740	1	1	3	0	28	749	0	1	0
740	1	3	2	0	12	201	0	1	0
740	1	4	4	0	8	137	0	1	0
741	1	1	3	0	28	749	0	1	0
741	1	3	2	0	12	201	0	1	0
741	1	4	4	0	8	137	0	1	0
742	1	1	3	0	28	549	0	1	0
742	1	2	1	0	14	193	0	1	0
742	1	3	2	0	12	149	0	1	0
742	1	4	4	0	8	101	0	1	0
743	1	1	3	0	28	549	0	1	0
743	1	2	1	0	14	193	0	1	0
743	1	3	2	0	12	149	0	1	0
743	1	4	4	0	8	101	0	1	0
744	1	1	3	0	28	549	0	1	0
744	1	2	1	0	14	193	0	1	0
744	1	3	2	0	12	149	0	1	0
744	1	4	4	0	8	101	0	1	0
745	1	1	3	0	28	749	0	1	0
745	1	2	1	0	14	253	0	1	0
745	1	3	2	0	12	201	0	1	0
746	1	1	3	0	28	749	0	1	0
746	1	2	1	0	14	253	0	1	0
746	1	3	2	0	12	201	0	1	0
747	1	1	3	0	28	749	0	1	0
747	1	2	1	0	14	253	0	1	0
747	1	3	2	0	12	201	0	1	0
748	1	1	3	0	28	749	0	1	0
748	1	2	1	0	14	253	0	1	0
748	1	3	2	0	12	201	0	1	0
749	1	2	1	0	14	389	0	1	0
749	1	3	2	0	12	301	0	1	0
750	1	2	1	0	14	253	0	1	0
750	1	3	2	0	12	201	0	1	0
750	1	4	4	0	8	137	0	1	0
751	1	2	1	0	14	253	0	1	0
751	1	3	2	0	12	201	0	1	0
751	1	4	4	0	8	137	0	1	0
752	1	2	1	0	14	253	0	1	0
752	1	3	2	0	12	201	0	1	0
752	1	4	4	0	8	137	0	1	0
753	1	2	1	0	14	253	0	1	0
753	1	3	2	0	12	201	0	1	0
753	1	4	4	0	8	137	0	1	0
754	1	2	1	0	14	253	0	1	0
754	1	3	2	0	12	201	0	1	0
754	1	4	4	0	8	137	0	1	0
755	1	2	1	0	14	253	0	1	0
755	1	3	2	0	12	201	0	1	0
755	1	4	4	0	8	137	0	1	0
756	1	2	1	0	14	253	0	1	0
756	1	3	2	0	12	201	0	1	0
756	1	4	4	0	8	137	0	1	0
757	1	1	3	0	28	549	0	1	0
757	1	2	1	0	14	193	0	1	0
757	1	3	2	0	12	149	0	1	0
757	1	4	4	0	8	101	0	1	0
758	1	1	3	0	28	549	0	1	0
758	1	2	1	0	14	193	0	1	0
758	1	3	2	0	12	149	0	1	0
758	1	4	4	0	8	101	0	1	0
759	1	1	3	0	28	749	0	1	0
759	1	3	2	0	12	201	0	1	0
759	1	4	4	0	8	137	0	1	0
760	1	1	3	0	28	749	0	1	0
760	1	3	2	0	12	201	0	1	0
760	1	4	4	0	8	137	0	1	0
761	1	1	3	0	28	1095	0	1	0
761	1	4	4	0	8	209	0	1	0
762	1	1	3	0	28	1095	0	1	0
762	1	4	4	0	8	209	0	1	0
763	1	1	3	0	28	1095	0	1	0
763	1	4	4	0	8	209	0	1	0
764	1	1	3	0	28	1095	0	1	0
764	1	4	4	0	8	209	0	1	0
765	1	1	3	0	28	1095	0	1	0
765	1	4	4	0	8	209	0	1	0
766	1	1	3	0	28	1095	0	1	0
766	1	4	4	0	8	209	0	1	0
767	1	2	1	0	14	389	0	1	0
767	1	4	4	0	8	209	0	1	0
768	1	2	1	0	14	389	0	1	0
768	1	4	4	0	8	209	0	1	0
769	1	2	1	0	14	253	0	1	0
769	1	3	2	0	12	201	0	1	0
769	1	4	4	0	8	137	0	1	0
770	1	2	1	0	14	253	0	1	0
770	1	3	2	0	12	201	0	1	0
770	1	4	4	0	8	137	0	1	0
771	1	2	1	0	14	253	0	1	0
771	1	3	2	0	12	201	0	1	0
771	1	4	4	0	8	137	0	1	0
772	1	2	1	0	14	253	0	1	0
772	1	3	2	0	12	201	0	1	0
772	1	4	4	0	8	137	0	1	0
773	1	2	1	0	14	253	0	1	0
773	1	3	2	0	12	201	0	1	0
773	1	4	4	0	8	137	0	1	0
774	1	2	1	0	14	253	0	1	0
774	1	3	2	0	12	201	0	1	0
774	1	4	4	0	8	137	0	1	0
775	1	1	3	0	28	549	0	1	0
775	1	2	1	0	14	193	0	1	0
775	1	3	2	0	12	149	0	1	0
775	1	4	4	0	8	101	0	1	0
776	1	1	3	0	28	549	0	1	0
776	1	2	1	0	14	193	0	1	0
776	1	3	2	0	12	149	0	1	0
776	1	4	4	0	8	101	0	1	0
777	1	1	3	0	28	549	0	1	0
777	1	2	1	0	14	193	0	1	0
777	1	3	2	0	12	149	0	1	0
777	1	4	4	0	8	101	0	1	0
778	1	1	3	0	28	549	0	1	0
778	1	2	1	0	14	193	0	1	0
778	1	3	2	0	12	149	0	1	0
778	1	4	4	0	8	101	0	1	0
779	1	1	3	0	28	549	0	1	0
779	1	2	1	0	14	193	0	1	0
779	1	3	2	0	12	149	0	1	0
779	1	4	4	0	8	101	0	1	0
780	1	1	3	0	28	549	0	1	0
780	1	2	1	0	14	193	0	1	0
780	1	3	2	0	12	149	0	1	0
780	1	4	4	0	8	101	0	1	0
781	1	1	3	0	28	749	0	1	0
781	1	3	2	0	12	201	0	1	0
781	1	4	4	0	8	137	0	1	0
782	1	1	3	0	28	749	0	1	0
782	1	3	2	0	12	201	0	1	0
782	1	4	4	0	8	137	0	1	0
783	1	1	3	0	28	749	0	1	0
783	1	3	2	0	12	201	0	1	0
783	1	4	4	0	8	137	0	1	0
784	1	1	3	0	28	749	0	1	0
784	1	3	2	0	12	201	0	1	0
784	1	4	4	0	8	137	0	1	0
785	1	3	2	0	12	301	0	1	0
785	1	4	4	0	8	209	0	1	0
786	1	3	2	0	12	301	0	1	0
786	1	4	4	0	8	209	0	1	0
787	1	3	2	0	12	301	0	1	0
787	1	4	4	0	8	209	0	1	0
788	1	3	2	0	12	301	0	1	0
788	1	4	4	0	8	209	0	1	0
789	1	2	1	0	14	253	0	1	0
789	1	3	2	0	12	201	0	1	0
789	1	4	4	0	8	137	0	1	0
790	1	2	1	0	14	253	0	1	0
790	1	3	2	0	12	201	0	1	0
790	1	4	4	0	8	137	0	1	0
791	1	2	1	0	14	253	0	1	0
791	1	3	2	0	12	201	0	1	0
791	1	4	4	0	8	137	0	1	0
792	1	2	1	0	14	253	0	1	0
792	1	3	2	0	12	201	0	1	0
792	1	4	4	0	8	137	0	1	0
793	1	1	3	0	28	549	0	1	0
793	1	2	1	0	14	193	0	1	0
793	1	3	2	0	12	149	0	1	0
793	1	4	4	0	8	101	0	1	0
794	1	1	3	0	28	749	0	1	0
794	1	2	1	0	14	253	0	1	0
794	1	4	4	0	8	137	0	1	0
795	1	1	3	0	28	749	0	1	0
795	1	2	1	0	14	253	0	1	0
795	1	4	4	0	8	137	0	1	0
796	1	1	3	0	28	749	0	1	0
796	1	2	1	0	14	253	0	1	0
796	1	4	4	0	8	137	0	1	0
797	1	1	3	0	28	749	0	1	0
797	1	2	1	0	14	253	0	1	0
797	1	4	4	0	8	137	0	1	0
798	1	1	3	0	28	749	0	1	0
798	1	2	1	0	14	253	0	1	0
798	1	4	4	0	8	137	0	1	0
799	1	1	3	0	28	749	0	1	0
799	1	2	1	0	14	253	0	1	0
799	1	4	4	0	8	137	0	1	0
800	1	1	3	0	28	749	0	1	0
800	1	2	1	0	14	253	0	1	0
800	1	4	4	0	8	137	0	1	0
801	1	1	3	0	28	749	0	1	0
801	1	2	1	0	14	253	0	1	0
801	1	4	4	0	8	137	0	1	0
802	1	1	3	0	28	549	0	1	0
802	1	2	1	0	14	193	0	1	0
802	1	3	2	0	12	149	0	1	0
802	1	4	4	0	8	101	0	1	0
803	1	2	1	0	14	253	0	1	0
803	1	3	2	0	12	201	0	1	0
803	1	4	4	0	8	137	0	1	0
804	1	2	1	0	14	253	0	1	0
804	1	3	2	0	12	201	0	1	0
804	1	4	4	0	8	137	0	1	0
805	1	2	1	0	14	253	0	1	0
805	1	3	2	0	12	201	0	1	0
805	1	4	4	0	8	137	0	1	0
806	1	3	2	0	12	301	0	1	0
806	1	4	4	0	8	209	0	1	0
807	1	3	2	0	12	301	0	1	0
807	1	4	4	0	8	209	0	1	0
808	1	3	2	0	12	301	0	1	0
808	1	4	4	0	8	209	0	1	0
809	1	3	2	0	12	301	0	1	0
809	1	4	4	0	8	209	0	1	0
810	1	3	2	0	12	301	0	1	0
810	1	4	4	0	8	209	0	1	0
811	1	1	3	0	28	749	0	1	0
811	1	3	2	0	12	201	0	1	0
811	1	4	4	0	8	137	0	1	0
812	1	1	3	0	28	749	0	1	0
812	1	3	2	0	12	201	0	1	0
812	1	4	4	0	8	137	0	1	0
813	1	1	3	0	28	749	0	1	0
813	1	3	2	0	12	201	0	1	0
813	1	4	4	0	8	137	0	1	0
814	1	1	3	0	28	549	0	1	0
814	1	2	1	0	14	193	0	1	0
814	1	3	2	0	12	149	0	1	0
814	1	4	4	0	8	101	0	1	0
815	1	1	3	0	28	749	0	1	0
815	1	2	1	0	14	253	0	1	0
815	1	3	2	0	12	201	0	1	0
816	1	1	3	0	28	749	0	1	0
816	1	2	1	0	14	253	0	1	0
816	1	3	2	0	12	201	0	1	0
817	1	1	3	0	28	749	0	1	0
817	1	2	1	0	14	253	0	1	0
817	1	3	2	0	12	201	0	1	0
818	1	1	3	0	28	1095	0	1	0
818	1	2	1	0	14	389	0	1	0
819	1	1	3	0	28	1095	0	1	0
819	1	2	1	0	14	389	0	1	0
820	1	2	1	0	14	807	0	1	0
821	1	2	1	0	14	807	0	1	0
822	1	2	1	0	14	389	0	1	0
822	1	4	4	0	8	209	0	1	0
823	1	2	1	0	14	389	0	1	0
823	1	4	4	0	8	209	0	1	0
824	1	2	1	0	14	389	0	1	0
824	1	4	4	0	8	209	0	1	0
825	1	2	1	0	14	389	0	1	0
825	1	4	4	0	8	209	0	1	0
826	1	2	1	0	14	253	0	1	0
826	1	3	2	0	12	201	0	1	0
826	1	4	4	0	8	137	0	1	0
827	1	2	1	0	14	253	0	1	0
827	1	3	2	0	12	201	0	1	0
827	1	4	4	0	8	137	0	1	0
828	1	1	3	0	28	749	0	1	0
828	1	3	2	0	12	201	0	1	0
828	1	4	4	0	8	137	0	1	0
829	1	1	3	0	28	749	0	1	0
829	1	3	2	0	12	201	0	1	0
829	1	4	4	0	8	137	0	1	0
830	1	1	3	0	28	749	0	1	0
830	1	3	2	0	12	201	0	1	0
830	1	4	4	0	8	137	0	1	0
831	1	1	3	0	28	749	0	1	0
831	1	3	2	0	12	201	0	1	0
831	1	4	4	0	8	137	0	1	0
832	1	1	3	0	28	749	0	1	0
832	1	3	2	0	12	201	0	1	0
832	1	4	4	0	8	137	0	1	0
833	1	1	3	0	28	749	0	1	0
833	1	3	2	0	12	201	0	1	0
833	1	4	4	0	8	137	0	1	0
834	1	1	3	0	28	749	0	1	0
834	1	3	2	0	12	201	0	1	0
834	1	4	4	0	8	137	0	1	0
835	1	1	3	0	28	749	0	1	0
835	1	3	2	0	12	201	0	1	0
835	1	4	4	0	8	137	0	1	0
836	1	1	3	0	28	549	0	1	0
836	1	2	1	0	14	193	0	1	0
836	1	3	2	0	12	149	0	1	0
836	1	4	4	0	8	101	0	1	0
837	1	2	1	0	14	253	0	1	0
837	1	3	2	0	12	201	0	1	0
837	1	4	4	0	8	137	0	1	0
838	1	2	1	0	14	253	0	1	0
838	1	3	2	0	12	201	0	1	0
838	1	4	4	0	8	137	0	1	0
839	1	2	1	0	14	253	0	1	0
839	1	3	2	0	12	201	0	1	0
839	1	4	4	0	8	137	0	1	0
840	1	2	1	0	14	253	0	1	0
840	1	3	2	0	12	201	0	1	0
840	1	4	4	0	8	137	0	1	0
841	1	2	1	0	14	253	0	1	0
841	1	3	2	0	12	201	0	1	0
841	1	4	4	0	8	137	0	1	0
842	1	2	1	0	14	253	0	1	0
842	1	3	2	0	12	201	0	1	0
842	1	4	4	0	8	137	0	1	0
843	1	2	1	0	14	253	0	1	0
843	1	3	2	0	12	201	0	1	0
843	1	4	4	0	8	137	0	1	0
844	1	2	1	0	14	253	0	1	0
844	1	3	2	0	12	201	0	1	0
844	1	4	4	0	8	137	0	1	0
845	1	1	3	0	28	549	0	1	0
845	1	2	1	0	14	193	0	1	0
845	1	3	2	0	12	149	0	1	0
845	1	4	4	0	8	101	0	1	0
846	1	1	3	0	28	549	0	1	0
846	1	2	1	0	14	193	0	1	0
846	1	3	2	0	12	149	0	1	0
846	1	4	4	0	8	101	0	1	0
847	1	1	3	0	28	549	0	1	0
847	1	2	1	0	14	193	0	1	0
847	1	3	2	0	12	149	0	1	0
847	1	4	4	0	8	101	0	1	0
848	1	1	3	0	28	549	0	1	0
848	1	2	1	0	14	193	0	1	0
848	1	3	2	0	12	149	0	1	0
848	1	4	4	0	8	101	0	1	0
849	1	1	3	0	28	549	0	1	0
849	1	2	1	0	14	193	0	1	0
849	1	3	2	0	12	149	0	1	0
849	1	4	4	0	8	101	0	1	0
850	1	1	3	0	28	749	0	1	0
850	1	2	1	0	14	253	0	1	0
850	1	4	4	0	8	137	0	1	0
851	1	1	3	0	28	749	0	1	0
851	1	2	1	0	14	253	0	1	0
851	1	4	4	0	8	137	0	1	0
852	1	1	3	0	28	749	0	1	0
852	1	2	1	0	14	253	0	1	0
852	1	4	4	0	8	137	0	1	0
853	1	1	3	0	28	1095	0	1	0
853	1	4	4	0	8	209	0	1	0
854	1	1	3	0	28	1095	0	1	0
854	1	4	4	0	8	209	0	1	0
855	1	4	4	0	8	437	0	1	0
856	1	4	4	0	8	437	0	1	0
857	1	4	4	0	8	437	0	1	0
858	1	3	2	0	12	301	0	1	0
858	1	4	4	0	8	209	0	1	0
859	1	3	2	0	12	301	0	1	0
859	1	4	4	0	8	209	0	1	0
860	1	3	2	0	12	301	0	1	0
860	1	4	4	0	8	209	0	1	0
861	1	2	1	0	14	253	0	1	0
861	1	3	2	0	12	201	0	1	0
861	1	4	4	0	8	137	0	1	0
862	1	2	1	0	14	253	0	1	0
862	1	3	2	0	12	201	0	1	0
862	1	4	4	0	8	137	0	1	0
863	1	1	3	0	28	549	0	1	0
863	1	2	1	0	14	193	0	1	0
863	1	3	2	0	12	149	0	1	0
863	1	4	4	0	8	101	0	1	0
864	1	1	3	0	28	549	0	1	0
864	1	2	1	0	14	193	0	1	0
864	1	3	2	0	12	149	0	1	0
864	1	4	4	0	8	101	0	1	0
865	1	1	3	0	28	749	0	1	0
865	1	2	1	0	14	253	0	1	0
865	1	3	2	0	12	201	0	1	0
866	1	1	3	0	28	749	0	1	0
866	1	2	1	0	14	253	0	1	0
866	1	3	2	0	12	201	0	1	0
867	1	1	3	0	28	749	0	1	0
867	1	2	1	0	14	253	0	1	0
867	1	3	2	0	12	201	0	1	0
868	1	1	3	0	28	749	0	1	0
868	1	2	1	0	14	253	0	1	0
868	1	3	2	0	12	201	0	1	0
869	1	1	3	0	28	749	0	1	0
869	1	2	1	0	14	253	0	1	0
869	1	3	2	0	12	201	0	1	0
870	1	1	3	0	28	749	0	1	0
870	1	2	1	0	14	253	0	1	0
870	1	3	2	0	12	201	0	1	0
871	1	1	3	0	28	549	0	1	0
871	1	2	1	0	14	193	0	1	0
871	1	3	2	0	12	149	0	1	0
871	1	4	4	0	8	101	0	1	0
872	1	1	3	0	28	549	0	1	0
872	1	2	1	0	14	193	0	1	0
872	1	3	2	0	12	149	0	1	0
872	1	4	4	0	8	101	0	1	0
873	1	2	1	0	14	253	0	1	0
873	1	3	2	0	12	201	0	1	0
873	1	4	4	0	8	137	0	1	0
874	1	2	1	0	14	253	0	1	0
874	1	3	2	0	12	201	0	1	0
874	1	4	4	0	8	137	0	1	0
875	1	2	1	0	14	253	0	1	0
875	1	3	2	0	12	201	0	1	0
875	1	4	4	0	8	137	0	1	0
876	1	2	1	0	14	253	0	1	0
876	1	3	2	0	12	201	0	1	0
876	1	4	4	0	8	137	0	1	0
877	1	2	1	0	14	253	0	1	0
877	1	3	2	0	12	201	0	1	0
877	1	4	4	0	8	137	0	1	0
878	1	4	4	0	8	437	0	1	0
879	1	4	4	0	8	437	0	1	0
880	1	4	4	0	8	437	0	1	0
881	1	1	3	0	28	1095	0	1	0
881	1	4	4	0	8	209	0	1	0
882	1	1	3	0	28	1095	0	1	0
882	1	4	4	0	8	209	0	1	0
883	1	1	3	0	28	1095	0	1	0
883	1	4	4	0	8	209	0	1	0
884	1	1	3	0	28	1095	0	1	0
884	1	4	4	0	8	209	0	1	0
885	1	1	3	0	28	1095	0	1	0
885	1	4	4	0	8	209	0	1	0
886	1	1	3	0	28	549	0	1	0
886	1	2	1	0	14	193	0	1	0
886	1	3	2	0	12	149	0	1	0
886	1	4	4	0	8	101	0	1	0
887	1	1	3	0	28	549	0	1	0
887	1	2	1	0	14	193	0	1	0
887	1	3	2	0	12	149	0	1	0
887	1	4	4	0	8	101	0	1	0
888	1	1	3	0	28	749	0	1	0
888	1	2	1	0	14	253	0	1	0
888	1	3	2	0	12	201	0	1	0
889	1	1	3	0	28	749	0	1	0
889	1	2	1	0	14	253	0	1	0
889	1	3	2	0	12	201	0	1	0
890	1	2	1	0	14	389	0	1	0
890	1	3	2	0	12	301	0	1	0
891	1	2	1	0	14	389	0	1	0
891	1	3	2	0	12	301	0	1	0
892	1	2	1	0	14	389	0	1	0
892	1	3	2	0	12	301	0	1	0
893	1	2	1	0	14	389	0	1	0
893	1	3	2	0	12	301	0	1	0
894	1	2	1	0	14	253	0	1	0
894	1	3	2	0	12	201	0	1	0
894	1	4	4	0	8	137	0	1	0
895	1	2	1	0	14	253	0	1	0
895	1	3	2	0	12	201	0	1	0
895	1	4	4	0	8	137	0	1	0
896	1	2	1	0	14	253	0	1	0
896	1	3	2	0	12	201	0	1	0
896	1	4	4	0	8	137	0	1	0
897	1	2	1	0	14	253	0	1	0
897	1	3	2	0	12	201	0	1	0
897	1	4	4	0	8	137	0	1	0
898	1	1	3	0	28	549	0	1	0
898	1	2	1	0	14	193	0	1	0
898	1	3	2	0	12	149	0	1	0
898	1	4	4	0	8	101	0	1	0
899	1	1	3	0	28	549	0	1	0
899	1	2	1	0	14	193	0	1	0
899	1	3	2	0	12	149	0	1	0
899	1	4	4	0	8	101	0	1	0
900	1	1	3	0	28	749	0	1	0
900	1	3	2	0	12	201	0	1	0
900	1	4	4	0	8	137	0	1	0
901	1	1	3	0	28	749	0	1	0
901	1	3	2	0	12	201	0	1	0
901	1	4	4	0	8	137	0	1	0
902	1	1	3	0	28	749	0	1	0
902	1	3	2	0	12	201	0	1	0
902	1	4	4	0	8	137	0	1	0
903	1	1	3	0	28	749	0	1	0
903	1	3	2	0	12	201	0	1	0
903	1	4	4	0	8	137	0	1	0
904	1	1	3	0	28	749	0	1	0
904	1	3	2	0	12	201	0	1	0
904	1	4	4	0	8	137	0	1	0
905	1	1	3	0	28	1095	0	1	0
905	1	4	4	0	8	209	0	1	0
906	1	1	3	0	28	1095	0	1	0
906	1	4	4	0	8	209	0	1	0
907	1	1	3	0	28	1095	0	1	0
907	1	4	4	0	8	209	0	1	0
908	1	2	1	0	14	389	0	1	0
908	1	4	4	0	8	209	0	1	0
909	1	2	1	0	14	389	0	1	0
909	1	4	4	0	8	209	0	1	0
910	1	2	1	0	14	389	0	1	0
910	1	4	4	0	8	209	0	1	0
911	1	2	1	0	14	389	0	1	0
911	1	4	4	0	8	209	0	1	0
912	1	2	1	0	14	389	0	1	0
912	1	4	4	0	8	209	0	1	0
913	1	2	1	0	14	253	0	1	0
913	1	3	2	0	12	201	0	1	0
913	1	4	4	0	8	137	0	1	0
914	1	2	1	0	14	253	0	1	0
914	1	3	2	0	12	201	0	1	0
914	1	4	4	0	8	137	0	1	0
915	1	2	1	0	14	253	0	1	0
915	1	3	2	0	12	201	0	1	0
915	1	4	4	0	8	137	0	1	0
916	1	1	3	0	28	549	0	1	0
916	1	2	1	0	14	193	0	1	0
916	1	3	2	0	12	149	0	1	0
916	1	4	4	0	8	101	0	1	0
917	1	1	3	0	28	549	0	1	0
917	1	2	1	0	14	193	0	1	0
917	1	3	2	0	12	149	0	1	0
917	1	4	4	0	8	101	0	1	0
918	1	1	3	0	28	549	0	1	0
918	1	2	1	0	14	193	0	1	0
918	1	3	2	0	12	149	0	1	0
918	1	4	4	0	8	101	0	1	0
919	1	1	3	0	28	549	0	1	0
919	1	2	1	0	14	193	0	1	0
919	1	3	2	0	12	149	0	1	0
919	1	4	4	0	8	101	0	1	0
920	1	1	3	0	28	749	0	1	0
920	1	3	2	0	12	201	0	1	0
920	1	4	4	0	8	137	0	1	0
921	1	1	3	0	28	749	0	1	0
921	1	3	2	0	12	201	0	1	0
921	1	4	4	0	8	137	0	1	0
922	1	1	3	0	28	749	0	1	0
922	1	3	2	0	12	201	0	1	0
922	1	4	4	0	8	137	0	1	0
923	1	1	3	0	28	749	0	1	0
923	1	3	2	0	12	201	0	1	0
923	1	4	4	0	8	137	0	1	0
924	1	1	3	0	28	749	0	1	0
924	1	3	2	0	12	201	0	1	0
924	1	4	4	0	8	137	0	1	0
925	1	1	3	0	28	749	0	1	0
925	1	3	2	0	12	201	0	1	0
925	1	4	4	0	8	137	0	1	0
926	1	3	2	0	12	301	0	1	0
926	1	4	4	0	8	209	0	1	0
927	1	3	2	0	12	301	0	1	0
927	1	4	4	0	8	209	0	1	0
928	1	2	1	0	14	253	0	1	0
928	1	3	2	0	12	201	0	1	0
928	1	4	4	0	8	137	0	1	0
929	1	2	1	0	14	253	0	1	0
929	1	3	2	0	12	201	0	1	0
929	1	4	4	0	8	137	0	1	0
930	1	2	1	0	14	253	0	1	0
930	1	3	2	0	12	201	0	1	0
930	1	4	4	0	8	137	0	1	0
931	1	2	1	0	14	253	0	1	0
931	1	3	2	0	12	201	0	1	0
931	1	4	4	0	8	137	0	1	0
932	1	2	1	0	14	253	0	1	0
932	1	3	2	0	12	201	0	1	0
932	1	4	4	0	8	137	0	1	0
933	1	2	1	0	14	253	0	1	0
933	1	3	2	0	12	201	0	1	0
933	1	4	4	0	8	137	0	1	0
934	1	1	3	0	28	549	0	1	0
934	1	2	1	0	14	193	0	1	0
934	1	3	2	0	12	149	0	1	0
934	1	4	4	0	8	101	0	1	0
935	1	1	3	0	28	549	0	1	0
935	1	2	1	0	14	193	0	1	0
935	1	3	2	0	12	149	0	1	0
935	1	4	4	0	8	101	0	1	0
936	1	1	3	0	28	749	0	1	0
936	1	2	1	0	14	253	0	1	0
936	1	4	4	0	8	137	0	1	0
937	1	1	3	0	28	749	0	1	0
937	1	2	1	0	14	253	0	1	0
937	1	4	4	0	8	137	0	1	0
938	1	1	3	0	28	749	0	1	0
938	1	2	1	0	14	253	0	1	0
938	1	4	4	0	8	137	0	1	0
939	1	1	3	0	28	749	0	1	0
939	1	2	1	0	14	253	0	1	0
939	1	4	4	0	8	137	0	1	0
940	1	1	3	0	28	749	0	1	0
940	1	2	1	0	14	253	0	1	0
940	1	4	4	0	8	137	0	1	0
941	1	1	3	0	28	749	0	1	0
941	1	2	1	0	14	253	0	1	0
941	1	4	4	0	8	137	0	1	0
942	1	1	3	0	28	749	0	1	0
942	1	2	1	0	14	253	0	1	0
942	1	4	4	0	8	137	0	1	0
943	1	1	3	0	28	749	0	1	0
943	1	2	1	0	14	253	0	1	0
943	1	4	4	0	8	137	0	1	0
944	1	2	1	0	14	253	0	1	0
944	1	3	2	0	12	201	0	1	0
944	1	4	4	0	8	137	0	1	0
945	1	3	2	0	12	301	0	1	0
945	1	4	4	0	8	209	0	1	0
946	1	3	2	0	12	301	0	1	0
946	1	4	4	0	8	209	0	1	0
947	1	3	2	0	12	301	0	1	0
947	1	4	4	0	8	209	0	1	0
948	1	3	2	0	12	301	0	1	0
948	1	4	4	0	8	209	0	1	0
949	1	3	2	0	12	301	0	1	0
949	1	4	4	0	8	209	0	1	0
950	1	3	2	0	12	301	0	1	0
950	1	4	4	0	8	209	0	1	0
951	1	3	2	0	12	301	0	1	0
951	1	4	4	0	8	209	0	1	0
952	1	1	3	0	28	749	0	1	0
952	1	3	2	0	12	201	0	1	0
952	1	4	4	0	8	137	0	1	0
953	1	1	3	0	28	549	0	1	0
953	1	2	1	0	14	193	0	1	0
953	1	3	2	0	12	149	0	1	0
953	1	4	4	0	8	101	0	1	0
954	1	1	3	0	28	549	0	1	0
954	1	2	1	0	14	193	0	1	0
954	1	3	2	0	12	149	0	1	0
954	1	4	4	0	8	101	0	1	0
955	1	1	3	0	28	549	0	1	0
955	1	2	1	0	14	193	0	1	0
955	1	3	2	0	12	149	0	1	0
955	1	4	4	0	8	101	0	1	0
956	1	1	3	0	28	749	0	1	0
956	1	2	1	0	14	253	0	1	0
956	1	3	2	0	12	201	0	1	0
957	1	1	3	0	28	749	0	1	0
957	1	2	1	0	14	253	0	1	0
957	1	3	2	0	12	201	0	1	0
958	1	1	3	0	28	1095	0	1	0
958	1	2	1	0	14	389	0	1	0
959	1	1	3	0	28	1095	0	1	0
959	1	2	1	0	14	389	0	1	0
960	1	1	3	0	28	1095	0	1	0
960	1	2	1	0	14	389	0	1	0
961	1	1	3	0	28	749	0	1	0
961	1	2	1	0	14	253	0	1	0
961	1	4	4	0	8	137	0	1	0
962	1	2	1	0	14	389	0	1	0
962	1	4	4	0	8	209	0	1	0
963	1	2	1	0	14	389	0	1	0
963	1	4	4	0	8	209	0	1	0
964	1	2	1	0	14	389	0	1	0
964	1	4	4	0	8	209	0	1	0
965	1	2	1	0	14	389	0	1	0
965	1	4	4	0	8	209	0	1	0
966	1	2	1	0	14	253	0	1	0
966	1	3	2	0	12	201	0	1	0
966	1	4	4	0	8	137	0	1	0
967	1	2	1	0	14	253	0	1	0
967	1	3	2	0	12	201	0	1	0
967	1	4	4	0	8	137	0	1	0
968	1	3	2	0	12	301	0	1	0
968	1	4	4	0	8	209	0	1	0
969	1	3	2	0	12	301	0	1	0
969	1	4	4	0	8	209	0	1	0
970	1	1	3	0	28	749	0	1	0
970	1	3	2	0	12	201	0	1	0
970	1	4	4	0	8	137	0	1	0
971	1	1	3	0	28	749	0	1	0
971	1	3	2	0	12	201	0	1	0
971	1	4	4	0	8	137	0	1	0
972	1	1	3	0	28	749	0	1	0
972	1	3	2	0	12	201	0	1	0
972	1	4	4	0	8	137	0	1	0
973	1	1	3	0	28	749	0	1	0
973	1	3	2	0	12	201	0	1	0
973	1	4	4	0	8	137	0	1	0
974	1	1	3	0	28	749	0	1	0
974	1	3	2	0	12	201	0	1	0
974	1	4	4	0	8	137	0	1	0
975	1	1	3	0	28	749	0	1	0
975	1	3	2	0	12	201	0	1	0
975	1	4	4	0	8	137	0	1	0
976	1	1	3	0	28	549	0	1	0
976	1	2	1	0	14	193	0	1	0
976	1	3	2	0	12	149	0	1	0
976	1	4	4	0	8	101	0	1	0
977	1	1	3	0	28	549	0	1	0
977	1	2	1	0	14	193	0	1	0
977	1	3	2	0	12	149	0	1	0
977	1	4	4	0	8	101	0	1	0
978	1	1	3	0	28	549	0	1	0
978	1	2	1	0	14	193	0	1	0
978	1	3	2	0	12	149	0	1	0
978	1	4	4	0	8	101	0	1	0
979	1	2	1	0	14	253	0	1	0
979	1	3	2	0	12	201	0	1	0
979	1	4	4	0	8	137	0	1	0
980	1	2	1	0	14	253	0	1	0
980	1	3	2	0	12	201	0	1	0
980	1	4	4	0	8	137	0	1	0
981	1	2	1	0	14	253	0	1	0
981	1	3	2	0	12	201	0	1	0
981	1	4	4	0	8	137	0	1	0
982	1	2	1	0	14	253	0	1	0
982	1	3	2	0	12	201	0	1	0
982	1	4	4	0	8	137	0	1	0
983	1	2	1	0	14	253	0	1	0
983	1	3	2	0	12	201	0	1	0
983	1	4	4	0	8	137	0	1	0
984	1	2	1	0	14	253	0	1	0
984	1	3	2	0	12	201	0	1	0
984	1	4	4	0	8	137	0	1	0
985	1	2	1	0	14	253	0	1	0
985	1	3	2	0	12	201	0	1	0
985	1	4	4	0	8	137	0	1	0
986	1	2	1	0	14	253	0	1	0
986	1	3	2	0	12	201	0	1	0
986	1	4	4	0	8	137	0	1	0
987	1	1	3	0	28	549	0	1	0
987	1	2	1	0	14	193	0	1	0
987	1	3	2	0	12	149	0	1	0
987	1	4	4	0	8	101	0	1	0
988	1	1	3	0	28	749	0	1	0
988	1	2	1	0	14	253	0	1	0
988	1	4	4	0	8	137	0	1	0
989	1	1	3	0	28	749	0	1	0
989	1	2	1	0	14	253	0	1	0
989	1	4	4	0	8	137	0	1	0
990	1	1	3	0	28	749	0	1	0
990	1	2	1	0	14	253	0	1	0
990	1	4	4	0	8	137	0	1	0
991	1	1	3	0	28	749	0	1	0
991	1	2	1	0	14	253	0	1	0
991	1	4	4	0	8	137	0	1	0
992	1	1	3	0	28	749	0	1	0
992	1	2	1	0	14	253	0	1	0
992	1	4	4	0	8	137	0	1	0
993	1	1	3	0	28	749	0	1	0
993	1	2	1	0	14	253	0	1	0
993	1	4	4	0	8	137	0	1	0
994	1	1	3	0	28	1095	0	1	0
994	1	4	4	0	8	209	0	1	0
995	1	1	3	0	28	1095	0	1	0
995	1	4	4	0	8	209	0	1	0
996	1	1	3	0	28	749	0	1	0
996	1	3	2	0	12	201	0	1	0
996	1	4	4	0	8	137	0	1	0
997	1	3	2	0	12	301	0	1	0
997	1	4	4	0	8	209	0	1	0
998	1	3	2	0	12	301	0	1	0
998	1	4	4	0	8	209	0	1	0
999	1	3	2	0	12	301	0	1	0
999	1	4	4	0	8	209	0	1	0
1000	1	3	2	0	12	301	0	1	0
1000	1	4	4	0	8	209	0	1	0
1001	1	3	2	0	12	301	0	1	0
1001	1	4	4	0	8	209	0	1	0
1002	1	2	1	0	14	253	0	1	0
1002	1	3	2	0	12	201	0	1	0
1002	1	4	4	0	8	137	0	1	0
1003	1	2	1	0	14	253	0	1	0
1003	1	3	2	0	12	201	0	1	0
1003	1	4	4	0	8	137	0	1	0
1004	1	2	1	0	14	253	0	1	0
1004	1	3	2	0	12	201	0	1	0
1004	1	4	4	0	8	137	0	1	0
1005	1	1	3	0	28	549	0	1	0
1005	1	2	1	0	14	193	0	1	0
1005	1	3	2	0	12	149	0	1	0
1005	1	4	4	0	8	101	0	1	0
1006	1	1	3	0	28	549	0	1	0
1006	1	2	1	0	14	193	0	1	0
1006	1	3	2	0	12	149	0	1	0
1006	1	4	4	0	8	101	0	1	0
1007	1	1	3	0	28	749	0	1	0
1007	1	2	1	0	14	253	0	1	0
1007	1	3	2	0	12	201	0	1	0
1008	1	1	3	0	28	749	0	1	0
1008	1	2	1	0	14	253	0	1	0
1008	1	3	2	0	12	201	0	1	0
1009	1	1	3	0	28	749	0	1	0
1009	1	2	1	0	14	253	0	1	0
1009	1	3	2	0	12	201	0	1	0
1010	1	1	3	0	28	749	0	1	0
1010	1	2	1	0	14	253	0	1	0
1010	1	3	2	0	12	201	0	1	0
1011	1	1	3	0	28	749	0	1	0
1011	1	2	1	0	14	253	0	1	0
1011	1	3	2	0	12	201	0	1	0
1012	1	1	3	0	28	1095	0	1	0
1012	1	2	1	0	14	389	0	1	0
1013	1	1	3	0	28	749	0	1	0
1013	1	2	1	0	14	253	0	1	0
1013	1	4	4	0	8	137	0	1	0
1014	1	1	3	0	28	749	0	1	0
1014	1	2	1	0	14	253	0	1	0
1014	1	4	4	0	8	137	0	1	0
1015	1	2	1	0	14	389	0	1	0
1015	1	4	4	0	8	209	0	1	0
1016	1	2	1	0	14	389	0	1	0
1016	1	4	4	0	8	209	0	1	0
1017	1	2	1	0	14	389	0	1	0
1017	1	4	4	0	8	209	0	1	0
1018	1	2	1	0	14	389	0	1	0
1018	1	4	4	0	8	209	0	1	0
1019	1	4	4	0	8	437	0	1	0
1020	1	3	2	0	12	301	0	1	0
1020	1	4	4	0	8	209	0	1	0
1021	1	3	2	0	12	301	0	1	0
1021	1	4	4	0	8	209	0	1	0
1022	1	3	2	0	12	301	0	1	0
1022	1	4	4	0	8	209	0	1	0
1023	1	1	3	0	28	749	0	1	0
1023	1	3	2	0	12	201	0	1	0
1023	1	4	4	0	8	137	0	1	0
1024	1	1	3	0	28	749	0	1	0
1024	1	3	2	0	12	201	0	1	0
1024	1	4	4	0	8	137	0	1	0
1025	1	1	3	0	28	749	0	1	0
1025	1	3	2	0	12	201	0	1	0
1025	1	4	4	0	8	137	0	1	0
1026	1	1	3	0	28	749	0	1	0
1026	1	3	2	0	12	201	0	1	0
1026	1	4	4	0	8	137	0	1	0
1027	1	1	3	0	28	549	0	1	0
1027	1	2	1	0	14	193	0	1	0
1027	1	3	2	0	12	149	0	1	0
1027	1	4	4	0	8	101	0	1	0
1028	1	1	3	0	28	549	0	1	0
1028	1	2	1	0	14	193	0	1	0
1028	1	3	2	0	12	149	0	1	0
1028	1	4	4	0	8	101	0	1	0
1029	1	1	3	0	28	549	0	1	0
1029	1	2	1	0	14	193	0	1	0
1029	1	3	2	0	12	149	0	1	0
1029	1	4	4	0	8	101	0	1	0
1030	1	1	3	0	28	549	0	1	0
1030	1	2	1	0	14	193	0	1	0
1030	1	3	2	0	12	149	0	1	0
1030	1	4	4	0	8	101	0	1	0
1031	1	1	3	0	28	549	0	1	0
1031	1	2	1	0	14	193	0	1	0
1031	1	3	2	0	12	149	0	1	0
1031	1	4	4	0	8	101	0	1	0
1032	1	2	1	0	14	253	0	1	0
1032	1	3	2	0	12	201	0	1	0
1032	1	4	4	0	8	137	0	1	0
1033	1	2	1	0	14	253	0	1	0
1033	1	3	2	0	12	201	0	1	0
1033	1	4	4	0	8	137	0	1	0
1034	1	2	1	0	14	253	0	1	0
1034	1	3	2	0	12	201	0	1	0
1034	1	4	4	0	8	137	0	1	0
1035	1	2	1	0	14	253	0	1	0
1035	1	3	2	0	12	201	0	1	0
1035	1	4	4	0	8	137	0	1	0
1036	1	2	1	0	14	253	0	1	0
1036	1	3	2	0	12	201	0	1	0
1036	1	4	4	0	8	137	0	1	0
1037	1	2	1	0	14	253	0	1	0
1037	1	3	2	0	12	201	0	1	0
1037	1	4	4	0	8	137	0	1	0
1038	1	2	1	0	14	253	0	1	0
1038	1	3	2	0	12	201	0	1	0
1038	1	4	4	0	8	137	0	1	0
1039	1	2	1	0	14	253	0	1	0
1039	1	3	2	0	12	201	0	1	0
1039	1	4	4	0	8	137	0	1	0
1040	1	1	3	0	28	549	0	1	0
1040	1	2	1	0	14	193	0	1	0
1040	1	3	2	0	12	149	0	1	0
1040	1	4	4	0	8	101	0	1	0
1041	1	1	3	0	28	549	0	1	0
1041	1	2	1	0	14	193	0	1	0
1041	1	3	2	0	12	149	0	1	0
1041	1	4	4	0	8	101	0	1	0
1042	1	1	3	0	28	549	0	1	0
1042	1	2	1	0	14	193	0	1	0
1042	1	3	2	0	12	149	0	1	0
1042	1	4	4	0	8	101	0	1	0
1043	1	1	3	0	28	749	0	1	0
1043	1	2	1	0	14	253	0	1	0
1043	1	4	4	0	8	137	0	1	0
1044	1	1	3	0	28	749	0	1	0
1044	1	2	1	0	14	253	0	1	0
1044	1	4	4	0	8	137	0	1	0
1045	1	1	3	0	28	749	0	1	0
1045	1	2	1	0	14	253	0	1	0
1045	1	4	4	0	8	137	0	1	0
1046	1	1	3	0	28	1095	0	1	0
1046	1	4	4	0	8	209	0	1	0
1047	1	1	3	0	28	1095	0	1	0
1047	1	4	4	0	8	209	0	1	0
1048	1	1	3	0	28	1095	0	1	0
1048	1	4	4	0	8	209	0	1	0
1049	1	1	3	0	28	1095	0	1	0
1049	1	4	4	0	8	209	0	1	0
1050	1	4	4	0	8	437	0	1	0
1051	1	3	2	0	12	301	0	1	0
1051	1	4	4	0	8	209	0	1	0
1052	1	3	2	0	12	301	0	1	0
1052	1	4	4	0	8	209	0	1	0
1053	1	3	2	0	12	301	0	1	0
1053	1	4	4	0	8	209	0	1	0
1054	1	2	1	0	14	253	0	1	0
1054	1	3	2	0	12	201	0	1	0
1054	1	4	4	0	8	137	0	1	0
1055	1	2	1	0	14	253	0	1	0
1055	1	3	2	0	12	201	0	1	0
1055	1	4	4	0	8	137	0	1	0
1056	1	2	1	0	14	253	0	1	0
1056	1	3	2	0	12	201	0	1	0
1056	1	4	4	0	8	137	0	1	0
1057	1	2	1	0	14	389	0	1	0
1057	1	3	2	0	12	301	0	1	0
1058	1	1	3	0	28	749	0	1	0
1058	1	2	1	0	14	253	0	1	0
1058	1	3	2	0	12	201	0	1	0
1059	1	1	3	0	28	749	0	1	0
1059	1	2	1	0	14	253	0	1	0
1059	1	3	2	0	12	201	0	1	0
1060	1	1	3	0	28	749	0	1	0
1060	1	2	1	0	14	253	0	1	0
1060	1	3	2	0	12	201	0	1	0
1061	1	1	3	0	28	749	0	1	0
1061	1	2	1	0	14	253	0	1	0
1061	1	3	2	0	12	201	0	1	0
1062	1	1	3	0	28	749	0	1	0
1062	1	2	1	0	14	253	0	1	0
1062	1	3	2	0	12	201	0	1	0
1063	1	1	3	0	28	749	0	1	0
1063	1	2	1	0	14	253	0	1	0
1063	1	3	2	0	12	201	0	1	0
1064	1	1	3	0	28	749	0	1	0
1064	1	2	1	0	14	253	0	1	0
1064	1	3	2	0	12	201	0	1	0
1065	1	1	3	0	28	549	0	1	0
1065	1	2	1	0	14	193	0	1	0
1065	1	3	2	0	12	149	0	1	0
1065	1	4	4	0	8	101	0	1	0
1066	1	1	3	0	28	549	0	1	0
1066	1	2	1	0	14	193	0	1	0
1066	1	3	2	0	12	149	0	1	0
1066	1	4	4	0	8	101	0	1	0
1067	1	2	1	0	14	253	0	1	0
1067	1	3	2	0	12	201	0	1	0
1067	1	4	4	0	8	137	0	1	0
1068	1	2	1	0	14	389	0	1	0
1068	1	4	4	0	8	209	0	1	0
1069	1	4	4	0	8	437	0	1	0
1070	1	4	4	0	8	437	0	1	0
1071	1	4	4	0	8	437	0	1	0
1072	1	4	4	0	8	437	0	1	0
1073	1	4	4	0	8	437	0	1	0
1074	1	4	4	0	8	437	0	1	0
1075	1	1	3	0	28	1095	0	1	0
1075	1	4	4	0	8	209	0	1	0
1076	1	1	3	0	28	749	0	1	0
1076	1	3	2	0	12	201	0	1	0
1076	1	4	4	0	8	137	0	1	0
1077	1	1	3	0	28	549	0	1	0
1077	1	2	1	0	14	193	0	1	0
1077	1	3	2	0	12	149	0	1	0
1077	1	4	4	0	8	101	0	1	0
1078	1	1	3	0	28	549	0	1	0
1078	1	2	1	0	14	193	0	1	0
1078	1	3	2	0	12	149	0	1	0
1078	1	4	4	0	8	101	0	1	0
1079	1	1	3	0	28	549	0	1	0
1079	1	2	1	0	14	193	0	1	0
1079	1	3	2	0	12	149	0	1	0
1079	1	4	4	0	8	101	0	1	0
1080	1	1	3	0	28	749	0	1	0
1080	1	2	1	0	14	253	0	1	0
1080	1	3	2	0	12	201	0	1	0
1081	1	1	3	0	28	749	0	1	0
1081	1	2	1	0	14	253	0	1	0
1081	1	3	2	0	12	201	0	1	0
1082	1	1	3	0	28	749	0	1	0
1082	1	2	1	0	14	253	0	1	0
1082	1	3	2	0	12	201	0	1	0
1083	1	1	3	0	28	749	0	1	0
1083	1	2	1	0	14	253	0	1	0
1083	1	3	2	0	12	201	0	1	0
1084	1	2	1	0	14	389	0	1	0
1084	1	3	2	0	12	301	0	1	0
1085	1	2	1	0	14	253	0	1	0
1085	1	3	2	0	12	201	0	1	0
1085	1	4	4	0	8	137	0	1	0
1086	1	2	1	0	14	253	0	1	0
1086	1	3	2	0	12	201	0	1	0
1086	1	4	4	0	8	137	0	1	0
1087	1	2	1	0	14	253	0	1	0
1087	1	3	2	0	12	201	0	1	0
1087	1	4	4	0	8	137	0	1	0
1088	1	2	1	0	14	253	0	1	0
1088	1	3	2	0	12	201	0	1	0
1088	1	4	4	0	8	137	0	1	0
1089	1	2	1	0	14	253	0	1	0
1089	1	3	2	0	12	201	0	1	0
1089	1	4	4	0	8	137	0	1	0
1090	1	2	1	0	14	253	0	1	0
1090	1	3	2	0	12	201	0	1	0
1090	1	4	4	0	8	137	0	1	0
1091	1	2	1	0	14	253	0	1	0
1091	1	3	2	0	12	201	0	1	0
1091	1	4	4	0	8	137	0	1	0
1092	1	1	3	0	28	549	0	1	0
1092	1	2	1	0	14	193	0	1	0
1092	1	3	2	0	12	149	0	1	0
1092	1	4	4	0	8	101	0	1	0
1093	1	1	3	0	28	549	0	1	0
1093	1	2	1	0	14	193	0	1	0
1093	1	3	2	0	12	149	0	1	0
1093	1	4	4	0	8	101	0	1	0
1094	1	1	3	0	28	749	0	1	0
1094	1	3	2	0	12	201	0	1	0
1094	1	4	4	0	8	137	0	1	0
1095	1	1	3	0	28	749	0	1	0
1095	1	3	2	0	12	201	0	1	0
1095	1	4	4	0	8	137	0	1	0
1096	1	1	3	0	28	749	0	1	0
1096	1	3	2	0	12	201	0	1	0
1096	1	4	4	0	8	137	0	1	0
1097	1	1	3	0	28	749	0	1	0
1097	1	3	2	0	12	201	0	1	0
1097	1	4	4	0	8	137	0	1	0
1098	1	1	3	0	28	749	0	1	0
1098	1	3	2	0	12	201	0	1	0
1098	1	4	4	0	8	137	0	1	0
1099	1	1	3	0	28	749	0	1	0
1099	1	3	2	0	12	201	0	1	0
1099	1	4	4	0	8	137	0	1	0
1100	1	1	3	0	28	749	0	1	0
1100	1	3	2	0	12	201	0	1	0
1100	1	4	4	0	8	137	0	1	0
1101	1	1	3	0	28	749	0	1	0
1101	1	3	2	0	12	201	0	1	0
1101	1	4	4	0	8	137	0	1	0
1102	1	2	1	0	14	389	0	1	0
1102	1	4	4	0	8	209	0	1	0
1103	1	2	1	0	14	389	0	1	0
1103	1	4	4	0	8	209	0	1	0
